function res = Test2(name)
    %           b  w
    data = [    20 15
                40 32
                50 60
                36 80
                26 43
                64 120
                54 77
                18 6
                46 93
                28 35
                25 37];
    maxweight = 420;
    
    res = data;
end